2.00088
0.584758
0.254422
0.142781
0.093367
0.0661227
0.0488864
0.0371107
0.0286923
0.0224912
0.017823
0.0142492
0.0114763
0.0093008
0.00757811
0.0062032
0.00509842
0.00420546
0.00348
0.00288793
0.00240279
0.00200382
0.00167465
0.00140229
0.00117633
0.000988417
0.000831796
0.000700993
0.000591548
0.000499817
0.000422808
0.000358063
0.000303553
0.000257599
0.000218811
0.000186033
0.000158304
0.000134821
0.000114914
9.8023e-05
8.36772e-05
7.14826e-05
6.11079e-05
5.22743e-05
4.47469e-05
3.83278e-05
3.28496e-05
2.81712e-05
2.4173e-05
2.07539e-05
1.7828e-05
1.53226e-05
1.3176e-05
1.13357e-05
9.75703e-06
8.40209e-06
7.23852e-06
6.23877e-06
5.37932e-06
4.64013e-06
4.00406e-06
3.45646e-06
2.98483e-06
2.57844e-06
2.22812e-06
1.92601e-06
1.66538e-06
1.44045e-06
1.24625e-06
1.07852e-06
9.33616e-07
8.08382e-07
7.00117e-07
6.06492e-07
5.25504e-07
4.55428e-07
3.94777e-07
3.4227e-07
2.96802e-07
2.57421e-07
2.23303e-07
1.93739e-07
1.68116e-07
1.45903e-07
1.26643e-07
1.09941e-07
9.54546e-08
8.28871e-08
7.1983e-08
6.25205e-08
5.43079e-08
4.7179e-08
4.09901e-08
3.56164e-08
3.09501e-08
2.68975e-08
2.33774e-08
2.03197e-08
1.76633e-08
1.53553e-08
1.33498e-08
1.1607e-08
1.00924e-08
8.77592e-09
7.63163e-09
6.63692e-09
5.77217e-09
5.02035e-09
4.36667e-09
3.79827e-09
3.30401e-09
2.87419e-09
2.50039e-09
2.17528e-09
1.89252e-09
1.64657e-09
1.43264e-09
1.24654e-09
1.08465e-09
9.43811e-10
8.21284e-10
7.14684e-10
6.21936e-10
5.41238e-10
4.71022e-10
4.09926e-10
3.5676e-10
3.10498e-10
2.7024e-10
2.35206e-10
2.04719e-10
1.78184e-10
1.55094e-10
1.34996e-10
1.17506e-10
1.02283e-10
8.90331e-11
7.75005e-11
6.74631e-11
5.87263e-11
5.11216e-11
4.45018e-11
3.87399e-11
3.3725e-11
2.93588e-11
2.55588e-11
2.22502e-11
1.93711e-11
1.68633e-11
1.46802e-11
1.27814e-11
1.11275e-11
9.68714e-12
8.43408e-12
7.34278e-12
6.39233e-12
5.56566e-12
4.84642e-12
4.21838e-12
3.67241e-12
3.19788e-12
2.78395e-12
2.42414e-12
2.1104e-12
1.838e-12
1.60035e-12
1.39346e-12
1.21238e-12
1.05589e-12
9.20019e-13
8.0041e-13
6.97106e-13
6.07112e-13
5.28528e-13
4.59548e-13
3.99886e-13
3.48307e-13
3.04967e-13
2.64939e-13
2.3143e-13
2.01218e-13
1.75e-13
1.53147e-13
1.32848e-13
1.16513e-13
1.01965e-13
8.80585e-14
