38.5883
29.4506
22.5493
17.2967
13.2834
10.2101
7.85299
6.04311
4.65226
3.58275
2.75989
2.12653
1.63885
1.26324
0.973864
0.750877
0.579016
0.446535
0.344398
0.265643
0.204912
0.158075
0.12195
0.0940852
0.0725903
0.0560083
0.0432155
0.0333457
0.0257307
0.0198551
0.0153215
0.0118233
0.00912396
0.00704099
0.00543361
0.00419323
0.00323603
0.00249735
0.00192731
0.00148739
0.00114789
0.000885887
0.000683689
0.000527644
0.000407215
0.000314274
0.000242546
0.00018719
0.000144467
0.000111496
8.60494e-05
6.64107e-05
5.12541e-05
3.95567e-05
3.05289e-05
2.35615e-05
1.81843e-05
1.40342e-05
1.08313e-05
8.35938e-06
6.4516e-06
4.97922e-06
3.84286e-06
2.96585e-06
2.28898e-06
1.76659e-06
1.36342e-06
1.05226e-06
8.12118e-07
6.26778e-07
4.83736e-07
3.73338e-07
2.88136e-07
2.22378e-07
1.71627e-07
1.32459e-07
1.02229e-07
7.88988e-08
6.08927e-08
4.69959e-08
3.62706e-08
2.7993e-08
2.16045e-08
1.6674e-08
1.28687e-08
9.93182e-09
7.66521e-09
5.91587e-09
4.56577e-09
3.52378e-09
2.71959e-09
2.09893e-09
1.61992e-09
1.25022e-09
9.64901e-10
7.44694e-10
5.74742e-10
4.43576e-10
3.42343e-10
2.64214e-10
2.03915e-10
1.57378e-10
1.21462e-10
9.3742e-11
7.2349e-11
5.58378e-11
4.30941e-11
3.32586e-11
2.5668e-11
1.98099e-11
1.52887e-11
1.17997e-11
9.10743e-12
7.02995e-12
5.42586e-12
4.18737e-12
3.23104e-12
2.49322e-12
1.92477e-12
1.48582e-12
1.14666e-12
8.84452e-13
6.82433e-13
5.26672e-13
4.06012e-13
3.13611e-13
2.42263e-13
1.86785e-13
1.44387e-13
1.1203e-13
8.77321e-14
